{
  "frame_0001.jpg": {
    "extrinsic_4x4": [
      [
        0.9999998807907104,
        0.00012588499521370977,
        -0.0004310607328079641,
        0.0001544952392578125
      ],
      [
        -0.00012588499521370977,
        0.9999998211860657,
        -0.0005836486234329641,
        -6.389617919921875e-05
      ],
      [
        0.0004310607328079641,
        0.0005836486234329641,
        0.9999997615814209,
        -0.000408172607421875
      ],
      [
        0.0,
        0.0,
        0.0,
        1.0
      ]
    ],
    "world_to_cam_4x4": [
      [
        0.9999998807907104,
        0.00012588499521370977,
        -0.0004310607328079641,
        0.0001544952392578125
      ],
      [
        -0.00012588499521370977,
        0.9999998211860657,
        -0.0005836486234329641,
        -6.389617919921875e-05
      ],
      [
        0.0004310607328079641,
        0.0005836486234329641,
        0.9999997615814209,
        -0.000408172607421875
      ],
      [
        0.0,
        0.0,
        0.0,
        1.0
      ]
    ],
    "cam_to_world_4x4": [
      [
        0.9999998807907104,
        -0.00012588499521370977,
        0.0004310607328079641,
        -0.00015432731722749005
      ],
      [
        0.00012588499521370977,
        0.9999998211860657,
        0.0005836486234329641,
        6.411494852168187e-05
      ],
      [
        -0.0004310607328079641,
        -0.0005836486234329641,
        0.9999997615814209,
        0.0004082018140199595
      ],
      [
        0.0,
        0.0,
        0.0,
        1.0
      ]
    ],
    "intrinsic_3x3": [
      [
        2113.809814453125,
        0.0,
        2016.0
      ],
      [
        0.0,
        1585.357177734375,
        1512.0
      ],
      [
        0.0,
        0.0,
        1.0
      ]
    ]
  },
  "frame_0002.jpg": {
    "extrinsic_4x4": [
      [
        0.9999929666519165,
        -0.00237854802981019,
        -0.002896949416026473,
        0.00115966796875
      ],
      [
        0.002531019039452076,
        0.9984753131866455,
        0.05513352155685425,
        0.0031280517578125
      ],
      [
        0.0027749724686145782,
        -0.05513352155685425,
        0.9984676837921143,
        0.0015106201171875
      ],
      [
        0.0,
        0.0,
        0.0,
        1.0
      ]
    ],
    "world_to_cam_4x4": [
      [
        0.9999929666519165,
        -0.00237854802981019,
        -0.002896949416026473,
        0.00115966796875
      ],
      [
        0.002531019039452076,
        0.9984753131866455,
        0.05513352155685425,
        0.0031280517578125
      ],
      [
        0.0027749724686145782,
        -0.05513352155685425,
        0.9984676837921143,
        0.0015106201171875
      ],
      [
        0.0,
        0.0,
        0.0,
        1.0
      ]
    ],
    "cam_to_world_4x4": [
      [
        0.9999929666519165,
        0.002531019039452076,
        0.0027749724686145782,
        -0.0011717689001926601
      ],
      [
        -0.00237854802981019,
        0.9984753131866455,
        -0.05513352155685425,
        -0.003037238325788394
      ],
      [
        -0.002896949416026473,
        0.05513352155685425,
        0.9984676837921143,
        -0.0016774063790734317
      ],
      [
        0.0,
        0.0,
        0.0,
        1.0
      ]
    ],
    "intrinsic_3x3": [
      [
        2113.809814453125,
        0.0,
        2016.0
      ],
      [
        0.0,
        1585.357177734375,
        1512.0
      ],
      [
        0.0,
        0.0,
        1.0
      ]
    ]
  },
  "frame_0003.jpg": {
    "extrinsic_4x4": [
      [
        0.9999815821647644,
        -0.0053861928172409534,
        -0.002799603156745434,
        0.000732421875
      ],
      [
        0.005629636812955141,
        0.9942790865898132,
        0.10662835836410522,
        0.0076904296875
      ],
      [
        0.0022214241325855255,
        -0.10662835836410522,
        0.9943094849586487,
        0.0036773681640625
      ],
      [
        0.0,
        0.0,
        0.0,
        1.0
      ]
    ],
    "world_to_cam_4x4": [
      [
        0.9999815821647644,
        -0.0053861928172409534,
        -0.002799603156745434,
        0.000732421875
      ],
      [
        0.005629636812955141,
        0.9942790865898132,
        0.10662835836410522,
        0.0076904296875
      ],
      [
        0.0022214241325855255,
        -0.10662835836410522,
        0.9943094849586487,
        0.0036773681640625
      ],
      [
        0.0,
        0.0,
        0.0,
        1.0
      ]
    ],
    "cam_to_world_4x4": [
      [
        0.9999815821647644,
        0.005629636812955141,
        0.0022214241325855255,
        -0.0007838717058348266
      ],
      [
        -0.0053861928172409534,
        0.9942790865898132,
        -0.10662835836410522,
        -0.00725037670929396
      ],
      [
        -0.002799603156745434,
        0.10662835836410522,
        0.9943094849586487,
        -0.0044744094473117
      ],
      [
        0.0,
        0.0,
        0.0,
        1.0
      ]
    ],
    "intrinsic_3x3": [
      [
        2130.41064453125,
        0.0,
        2016.0
      ],
      [
        0.0,
        1597.807861328125,
        1512.0
      ],
      [
        0.0,
        0.0,
        1.0
      ]
    ]
  },
  "frame_0004.jpg": {
    "extrinsic_4x4": [
      [
        0.9999774098396301,
        -0.004715564660727978,
        -0.004806833807379007,
        0.00165557861328125
      ],
      [
        0.005202332511544228,
        0.9938241243362427,
        0.11098309606313705,
        0.0084228515625
      ],
      [
        0.0042592198587954044,
        -0.11098309606313705,
        0.9938241243362427,
        0.00311279296875
      ],
      [
        0.0,
        0.0,
        0.0,
        1.0
      ]
    ],
    "world_to_cam_4x4": [
      [
        0.9999774098396301,
        -0.004715564660727978,
        -0.004806833807379007,
        0.00165557861328125
      ],
      [
        0.005202332511544228,
        0.9938241243362427,
        0.11098309606313705,
        0.0084228515625
      ],
      [
        0.0042592198587954044,
        -0.11098309606313705,
        0.9938241243362427,
        0.00311279296875
      ],
      [
        0.0,
        0.0,
        0.0,
        1.0
      ]
    ],
    "cam_to_world_4x4": [
      [
        0.9999774098396301,
        0.005202332511544228,
        0.0042592198587954044,
        -0.0017126177576471946
      ],
      [
        -0.004715564660727978,
        0.9938241243362427,
        -0.11098309606313705,
        -0.008017558689438431
      ],
      [
        -0.004806833807379007,
        0.11098309606313705,
        0.9938241243362427,
        -0.0040204047992453695
      ],
      [
        0.0,
        0.0,
        0.0,
        1.0
      ]
    ],
    "intrinsic_3x3": [
      [
        2113.809814453125,
        0.0,
        2016.0
      ],
      [
        0.0,
        1585.357177734375,
        1512.0
      ],
      [
        0.0,
        0.0,
        1.0
      ]
    ]
  },
  "frame_0005.jpg": {
    "extrinsic_4x4": [
      [
        0.9998589158058167,
        -0.013851466588675976,
        -0.009519069455564022,
        0.0035247802734375
      ],
      [
        0.015315938740968704,
        0.9838908314704895,
        0.1776892989873886,
        0.015869140625
      ],
      [
        0.006864713504910469,
        -0.1776892989873886,
        0.9840128421783447,
        0.0076904296875
      ],
      [
        0.0,
        0.0,
        0.0,
        1.0
      ]
    ],
    "world_to_cam_4x4": [
      [
        0.9998589158058167,
        -0.013851466588675976,
        -0.009519069455564022,
        0.0035247802734375
      ],
      [
        0.015315938740968704,
        0.9838908314704895,
        0.1776892989873886,
        0.015869140625
      ],
      [
        0.006864713504910469,
        -0.1776892989873886,
        0.9840128421783447,
        0.0076904296875
      ],
      [
        0.0,
        0.0,
        0.0,
        1.0
      ]
    ],
    "cam_to_world_4x4": [
      [
        0.9998589158058167,
        0.015315938740968704,
        0.006864713504910469,
        -0.003820126364871612
      ],
      [
        -0.013851466588675976,
        0.9838908314704895,
        -0.1776892989873886,
        -0.014198171527979753
      ],
      [
        -0.009519069455564022,
        0.1776892989873886,
        0.9840128421783447,
        -0.010353705419319681
      ],
      [
        0.0,
        0.0,
        0.0,
        1.0
      ]
    ],
    "intrinsic_3x3": [
      [
        2113.809814453125,
        0.0,
        2016.0
      ],
      [
        0.0,
        1597.807861328125,
        1512.0
      ],
      [
        0.0,
        0.0,
        1.0
      ]
    ]
  },
  "frame_0006.jpg": {
    "extrinsic_4x4": [
      [
        0.9998335242271423,
        -0.015063964761793613,
        -0.01028758566826582,
        0.0033111572265625
      ],
      [
        0.01702350564301014,
        0.9752607941627502,
        0.22044827044010162,
        0.0196533203125
      ],
      [
        0.006735919509083033,
        -0.22044827044010162,
        0.9753832817077637,
        0.00927734375
      ],
      [
        0.0,
        0.0,
        0.0,
        1.0
      ]
    ],
    "world_to_cam_4x4": [
      [
        0.9998335242271423,
        -0.015063964761793613,
        -0.01028758566826582,
        0.0033111572265625
      ],
      [
        0.01702350564301014,
        0.9752607941627502,
        0.22044827044010162,
        0.0196533203125
      ],
      [
        0.006735919509083033,
        -0.22044827044010162,
        0.9753832817077637,
        0.00927734375
      ],
      [
        0.0,
        0.0,
        0.0,
        1.0
      ]
    ],
    "cam_to_world_4x4": [
      [
        0.9998335242271423,
        0.01702350564301014,
        0.006735919509083033,
        -0.003707665849105979
      ],
      [
        -0.015063964761793613,
        0.9752607941627502,
        -0.22044827044010162,
        -0.01707205923615618
      ],
      [
        -0.01028758566826582,
        0.22044827044010162,
        0.9753832817077637,
        -0.013347442650072594
      ],
      [
        0.0,
        0.0,
        0.0,
        1.0
      ]
    ],
    "intrinsic_3x3": [
      [
        2113.809814453125,
        0.0,
        2016.0
      ],
      [
        0.0,
        1585.357177734375,
        1512.0
      ],
      [
        0.0,
        0.0,
        1.0
      ]
    ]
  },
  "frame_0007.jpg": {
    "extrinsic_4x4": [
      [
        0.9997949600219727,
        -0.01757846772670746,
        -0.010070997290313244,
        0.00360107421875
      ],
      [
        0.019531631842255592,
        0.9688714742660522,
        0.2470751404762268,
        0.0211181640625
      ],
      [
        0.005432235077023506,
        -0.2470751404762268,
        0.9689935445785522,
        0.0098876953125
      ],
      [
        0.0,
        0.0,
        0.0,
        1.0
      ]
    ],
    "world_to_cam_4x4": [
      [
        0.9997949600219727,
        -0.01757846772670746,
        -0.010070997290313244,
        0.00360107421875
      ],
      [
        0.019531631842255592,
        0.9688714742660522,
        0.2470751404762268,
        0.0211181640625
      ],
      [
        0.005432235077023506,
        -0.2470751404762268,
        0.9689935445785522,
        0.0098876953125
      ],
      [
        0.0,
        0.0,
        0.0,
        1.0
      ]
    ],
    "cam_to_world_4x4": [
      [
        0.9997949600219727,
        0.019531631842255592,
        0.005432235077023506,
        -0.004066520345531899
      ],
      [
        -0.01757846772670746,
        0.9688714742660522,
        -0.2470751404762268,
        -0.017954481673768896
      ],
      [
        -0.010070997290313244,
        0.2470751404762268,
        0.9689935445785522,
        -0.014762619872215055
      ],
      [
        0.0,
        0.0,
        0.0,
        1.0
      ]
    ],
    "intrinsic_3x3": [
      [
        2113.809814453125,
        0.0,
        2016.0
      ],
      [
        0.0,
        1585.357177734375,
        1512.0
      ],
      [
        0.0,
        0.0,
        1.0
      ]
    ]
  },
  "frame_0008.jpg": {
    "extrinsic_4x4": [
      [
        0.99982750415802,
        -0.016560954973101616,
        -0.008219140581786633,
        0.00238037109375
      ],
      [
        0.01827838644385338,
        0.9627071619033813,
        0.2689008414745331,
        0.02392578125
      ],
      [
        0.003465533023700118,
        -0.2689008414745331,
        0.9629525542259216,
        0.0108642578125
      ],
      [
        0.0,
        0.0,
        0.0,
        1.0
      ]
    ],
    "world_to_cam_4x4": [
      [
        0.99982750415802,
        -0.016560954973101616,
        -0.008219140581786633,
        0.00238037109375
      ],
      [
        0.01827838644385338,
        0.9627071619033813,
        0.2689008414745331,
        0.02392578125
      ],
      [
        0.003465533023700118,
        -0.2689008414745331,
        0.9629525542259216,
        0.0108642578125
      ],
      [
        0.0,
        0.0,
        0.0,
        1.0
      ]
    ],
    "cam_to_world_4x4": [
      [
        0.99982750415802,
        0.01827838644385338,
        0.003465533023700118,
        -0.002854935609519771
      ],
      [
        -0.016560954973101616,
        0.9627071619033813,
        -0.2689008414745331,
        -0.02007269167722825
      ],
      [
        -0.008219140581786633,
        0.2689008414745331,
        0.9629525542259216,
        -0.016875862916720052
      ],
      [
        0.0,
        0.0,
        0.0,
        1.0
      ]
    ],
    "intrinsic_3x3": [
      [
        2113.809814453125,
        0.0,
        2016.0
      ],
      [
        0.0,
        1585.357177734375,
        1512.0
      ],
      [
        0.0,
        0.0,
        1.0
      ]
    ]
  },
  "frame_0009.jpg": {
    "extrinsic_4x4": [
      [
        0.9997067451477051,
        -0.022447936236858368,
        -0.009015974588692188,
        0.002899169921875
      ],
      [
        0.024165263399481773,
        0.9470081329345703,
        0.31991374492645264,
        0.029052734375
      ],
      [
        0.0013493294827640057,
        -0.31991374492645264,
        0.9472534656524658,
        0.011962890625
      ],
      [
        0.0,
        0.0,
        0.0,
        1.0
      ]
    ],
    "world_to_cam_4x4": [
      [
        0.9997067451477051,
        -0.022447936236858368,
        -0.009015974588692188,
        0.002899169921875
      ],
      [
        0.024165263399481773,
        0.9470081329345703,
        0.31991374492645264,
        0.029052734375
      ],
      [
        0.0013493294827640057,
        -0.31991374492645264,
        0.9472534656524658,
        0.011962890625
      ],
      [
        0.0,
        0.0,
        0.0,
        1.0
      ]
    ],
    "cam_to_world_4x4": [
      [
        0.9997067451477051,
        0.024165263399481773,
        0.0013493294827640057,
        -0.0036165285858942298
      ],
      [
        -0.022447936236858368,
        0.9470081329345703,
        -0.31991374492645264,
        -0.02362100221557739
      ],
      [
        -0.009015974588692188,
        0.31991374492645264,
        0.9472534656524658,
        -0.02060011981566845
      ],
      [
        0.0,
        0.0,
        0.0,
        1.0
      ]
    ],
    "intrinsic_3x3": [
      [
        2113.809814453125,
        0.0,
        2016.0
      ],
      [
        0.0,
        1597.807861328125,
        1512.0
      ],
      [
        0.0,
        0.0,
        1.0
      ]
    ]
  },
  "frame_0010.jpg": {
    "extrinsic_4x4": [
      [
        0.9995551705360413,
        -0.029441015794873238,
        -0.0039842696860432625,
        0.003936767578125
      ],
      [
        0.028954386711120605,
        0.9308987855911255,
        0.3639979958534241,
        0.0341796875
      ],
      [
        -0.00702569680288434,
        -0.3639979958534241,
        0.9313853979110718,
        0.0125732421875
      ],
      [
        0.0,
        0.0,
        0.0,
        1.0
      ]
    ],
    "world_to_cam_4x4": [
      [
        0.9995551705360413,
        -0.029441015794873238,
        -0.0039842696860432625,
        0.003936767578125
      ],
      [
        0.028954386711120605,
        0.9308987855911255,
        0.3639979958534241,
        0.0341796875
      ],
      [
        -0.00702569680288434,
        -0.3639979958534241,
        0.9313853979110718,
        0.0125732421875
      ],
      [
        0.0,
        0.0,
        0.0,
        1.0
      ]
    ],
    "cam_to_world_4x4": [
      [
        0.9995551705360413,
        0.028954386711120605,
        -0.00702569680288434,
        -0.004836332490015138
      ],
      [
        -0.029441015794873238,
        0.9308987855911255,
        -0.3639979958534241,
        -0.027125292191556127
      ],
      [
        -0.0039842696860432625,
        0.3639979958534241,
        0.9313853979110718,
        -0.02413618678301077
      ],
      [
        0.0,
        0.0,
        0.0,
        1.0
      ]
    ],
    "intrinsic_3x3": [
      [
        2130.41064453125,
        0.0,
        2016.0
      ],
      [
        0.0,
        1597.807861328125,
        1512.0
      ],
      [
        0.0,
        0.0,
        1.0
      ]
    ]
  },
  "frame_0011.jpg": {
    "extrinsic_4x4": [
      [
        0.9999994039535522,
        -0.00032043448300100863,
        -0.0010681150015443563,
        4.2438507080078125e-05
      ],
      [
        0.00032043448300100863,
        0.9999999403953552,
        0.00013732907245866954,
        -7.748603820800781e-06
      ],
      [
        0.0010681150015443563,
        -0.00013732907245866954,
        0.9999994039535522,
        4.2438507080078125e-05
      ],
      [
        0.0,
        0.0,
        0.0,
        1.0
      ]
    ],
    "world_to_cam_4x4": [
      [
        0.9999994039535522,
        -0.00032043448300100863,
        -0.0010681150015443563,
        4.2438507080078125e-05
      ],
      [
        0.00032043448300100863,
        0.9999999403953552,
        0.00013732907245866954,
        -7.748603820800781e-06
      ],
      [
        0.0010681150015443563,
        -0.00013732907245866954,
        0.9999994039535522,
        4.2438507080078125e-05
      ],
      [
        0.0,
        0.0,
        0.0,
        1.0
      ]
    ],
    "cam_to_world_4x4": [
      [
        0.9999994039535522,
        0.00032043448300100863,
        0.0010681150015443563,
        -4.248132807095281e-05
      ],
      [
        -0.00032043448300100863,
        0.9999999403953552,
        -0.00013732907245866954,
        7.76803016083738e-06
      ],
      [
        -0.0010681150015443563,
        0.00013732907245866954,
        0.9999994039535522,
        -4.2392088470125794e-05
      ],
      [
        0.0,
        0.0,
        0.0,
        1.0
      ]
    ],
    "intrinsic_3x3": [
      [
        2097.3447265625,
        0.0,
        2016.0
      ],
      [
        0.0,
        1573.0084228515625,
        1512.0
      ],
      [
        0.0,
        0.0,
        1.0
      ]
    ]
  },
  "frame_0012.jpg": {
    "extrinsic_4x4": [
      [
        0.9999806880950928,
        0.0002306769893039018,
        0.006192056927829981,
        -0.000423431396484375
      ],
      [
        -0.0005032952758483589,
        0.999046802520752,
        0.04367992654442787,
        0.00103759765625
      ],
      [
        -0.006192056927829981,
        -0.04367992654442787,
        0.9990277290344238,
        0.000885009765625
      ],
      [
        0.0,
        0.0,
        0.0,
        1.0
      ]
    ],
    "world_to_cam_4x4": [
      [
        0.9999806880950928,
        0.0002306769893039018,
        0.006192056927829981,
        -0.000423431396484375
      ],
      [
        -0.0005032952758483589,
        0.999046802520752,
        0.04367992654442787,
        0.00103759765625
      ],
      [
        -0.006192056927829981,
        -0.04367992654442787,
        0.9990277290344238,
        0.000885009765625
      ],
      [
        0.0,
        0.0,
        0.0,
        1.0
      ]
    ],
    "cam_to_world_4x4": [
      [
        0.9999806880950928,
        -0.0005032952758483589,
        -0.006192056927829981,
        0.0004294254680665688
      ],
      [
        0.0002306769893039018,
        0.999046802520752,
        -0.04367992654442787,
        -0.0009978537833462697
      ],
      [
        0.006192056927829981,
        0.04367992654442787,
        0.9990277290344238,
        -0.0009268495744212402
      ],
      [
        0.0,
        0.0,
        0.0,
        1.0
      ]
    ],
    "intrinsic_3x3": [
      [
        2097.3447265625,
        0.0,
        2016.0
      ],
      [
        0.0,
        1573.0084228515625,
        1512.0
      ],
      [
        0.0,
        0.0,
        1.0
      ]
    ]
  },
  "frame_0013.jpg": {
    "extrinsic_4x4": [
      [
        0.9999645352363586,
        0.0024079433642327785,
        0.00810775812715292,
        0.000518798828125
      ],
      [
        -0.0029565885197371244,
        0.997592031955719,
        0.06925123184919357,
        0.003204345703125
      ],
      [
        -0.007863915525376797,
        -0.06925123184919357,
        0.9975615739822388,
        0.0023040771484375
      ],
      [
        0.0,
        0.0,
        0.0,
        1.0
      ]
    ],
    "world_to_cam_4x4": [
      [
        0.9999645352363586,
        0.0024079433642327785,
        0.00810775812715292,
        0.000518798828125
      ],
      [
        -0.0029565885197371244,
        0.997592031955719,
        0.06925123184919357,
        0.003204345703125
      ],
      [
        -0.007863915525376797,
        -0.06925123184919357,
        0.9975615739822388,
        0.0023040771484375
      ],
      [
        0.0,
        0.0,
        0.0,
        1.0
      ]
    ],
    "cam_to_world_4x4": [
      [
        0.9999645352363586,
        -0.0029565885197371244,
        -0.007863915525376797,
        -0.0004911874292687912
      ],
      [
        0.0024079433642327785,
        0.997592031955719,
        -0.06925123184919357,
        -0.003038318798459727
      ],
      [
        0.00810775812715292,
        0.06925123184919357,
        0.9975615739822388,
        -0.0025245700093989853
      ],
      [
        0.0,
        0.0,
        0.0,
        1.0
      ]
    ],
    "intrinsic_3x3": [
      [
        2081.012451171875,
        0.0,
        2016.0
      ],
      [
        0.0,
        1560.75927734375,
        1512.0
      ],
      [
        0.0,
        0.0,
        1.0
      ]
    ]
  },
  "frame_0014.jpg": {
    "extrinsic_4x4": [
      [
        0.999940037727356,
        0.0045377048663794994,
        0.009989040903747082,
        0.00034332275390625
      ],
      [
        -0.00539042754098773,
        0.9959191083908081,
        0.09014500677585602,
        0.0034332275390625
      ],
      [
        -0.009501771070063114,
        -0.09014500677585602,
        0.9958581924438477,
        0.0027313232421875
      ],
      [
        0.0,
        0.0,
        0.0,
        1.0
      ]
    ],
    "world_to_cam_4x4": [
      [
        0.999940037727356,
        0.0045377048663794994,
        0.009989040903747082,
        0.00034332275390625
      ],
      [
        -0.00539042754098773,
        0.9959191083908081,
        0.09014500677585602,
        0.0034332275390625
      ],
      [
        -0.009501771070063114,
        -0.09014500677585602,
        0.9958581924438477,
        0.0027313232421875
      ],
      [
        0.0,
        0.0,
        0.0,
        1.0
      ]
    ],
    "cam_to_world_4x4": [
      [
        0.999940037727356,
        -0.00539042754098773,
        -0.009501771070063114,
        -0.00029884319504702717
      ],
      [
        0.0045377048663794994,
        0.9959191083908081,
        -0.09014500677585602,
        -0.0031745596547629873
      ],
      [
        0.009989040903747082,
        0.09014500677585602,
        0.9958581924438477,
        -0.0030329284117485145
      ],
      [
        0.0,
        0.0,
        0.0,
        1.0
      ]
    ],
    "intrinsic_3x3": [
      [
        2097.3447265625,
        0.0,
        2016.0
      ],
      [
        0.0,
        1560.75927734375,
        1512.0
      ],
      [
        0.0,
        0.0,
        1.0
      ]
    ]
  },
  "frame_0015.jpg": {
    "extrinsic_4x4": [
      [
        0.999933660030365,
        0.003578023985028267,
        0.010976649820804596,
        0.0015411376953125
      ],
      [
        -0.0052760690450668335,
        0.9872646331787109,
        0.15913109481334686,
        0.007476806640625
      ],
      [
        -0.01024891622364521,
        -0.15913109481334686,
        0.9872040152549744,
        0.0042724609375
      ],
      [
        0.0,
        0.0,
        0.0,
        1.0
      ]
    ],
    "world_to_cam_4x4": [
      [
        0.999933660030365,
        0.003578023985028267,
        0.010976649820804596,
        0.0015411376953125
      ],
      [
        -0.0052760690450668335,
        0.9872646331787109,
        0.15913109481334686,
        0.007476806640625
      ],
      [
        -0.01024891622364521,
        -0.15913109481334686,
        0.9872040152549744,
        0.0042724609375
      ],
      [
        0.0,
        0.0,
        0.0,
        1.0
      ]
    ],
    "cam_to_world_4x4": [
      [
        0.999933660030365,
        -0.0052760690450668335,
        -0.01024891622364521,
        -0.0014577992139948037
      ],
      [
        0.003578023985028267,
        0.9872646331787109,
        -0.15913109481334686,
        -0.006707219606511217
      ],
      [
        0.010976649820804596,
        0.15913109481334686,
        0.9872040152549744,
        -0.0054244995477574776
      ],
      [
        0.0,
        0.0,
        0.0,
        1.0
      ]
    ],
    "intrinsic_3x3": [
      [
        2097.3447265625,
        0.0,
        2016.0
      ],
      [
        0.0,
        1560.75927734375,
        1512.0
      ],
      [
        0.0,
        0.0,
        1.0
      ]
    ]
  },
  "frame_0016.jpg": {
    "extrinsic_4x4": [
      [
        0.9999536275863647,
        0.00032142765121534467,
        0.009673441760241985,
        0.0022735595703125
      ],
      [
        -0.002464278833940625,
        0.9748980402946472,
        0.22236672043800354,
        0.00921630859375
      ],
      [
        -0.009306096471846104,
        -0.22236672043800354,
        0.9748980402946472,
        0.00579833984375
      ],
      [
        0.0,
        0.0,
        0.0,
        1.0
      ]
    ],
    "world_to_cam_4x4": [
      [
        0.9999536275863647,
        0.00032142765121534467,
        0.009673441760241985,
        0.0022735595703125
      ],
      [
        -0.002464278833940625,
        0.9748980402946472,
        0.22236672043800354,
        0.00921630859375
      ],
      [
        -0.009306096471846104,
        -0.22236672043800354,
        0.9748980402946472,
        0.00579833984375
      ],
      [
        0.0,
        0.0,
        0.0,
        1.0
      ]
    ],
    "cam_to_world_4x4": [
      [
        0.9999536275863647,
        -0.002464278833940625,
        -0.009306096471846104,
        -0.0021967826757105513
      ],
      [
        0.00032142765121534467,
        0.9748980402946472,
        -0.22236672043800354,
        -0.007696334156670481
      ],
      [
        0.009673441760241985,
        0.22236672043800354,
        0.9748980402946472,
        -0.0077241836132628805
      ],
      [
        0.0,
        0.0,
        0.0,
        1.0
      ]
    ],
    "intrinsic_3x3": [
      [
        2097.3447265625,
        0.0,
        2016.0
      ],
      [
        0.0,
        1560.75927734375,
        1512.0
      ],
      [
        0.0,
        0.0,
        1.0
      ]
    ]
  },
  "frame_0017.jpg": {
    "extrinsic_4x4": [
      [
        0.9999049305915833,
        0.008008912205696106,
        0.011188022792339325,
        0.0022430419921875
      ],
      [
        -0.010943476110696793,
        0.9564706683158875,
        0.29149994254112244,
        0.0145263671875
      ],
      [
        -0.008375733159482479,
        -0.29149994254112244,
        0.9564706683158875,
        0.0036773681640625
      ],
      [
        0.0,
        0.0,
        0.0,
        1.0
      ]
    ],
    "world_to_cam_4x4": [
      [
        0.9999049305915833,
        0.008008912205696106,
        0.011188022792339325,
        0.0022430419921875
      ],
      [
        -0.010943476110696793,
        0.9564706683158875,
        0.29149994254112244,
        0.0145263671875
      ],
      [
        -0.008375733159482479,
        -0.29149994254112244,
        0.9564706683158875,
        0.0036773681640625
      ],
      [
        0.0,
        0.0,
        0.0,
        1.0
      ]
    ],
    "cam_to_world_4x4": [
      [
        0.9999049305915833,
        -0.010943476110696793,
        -0.008375733159482479,
        -0.0020530591407492693
      ],
      [
        0.008008912205696106,
        0.9564706683158875,
        -0.29149994254112244,
        -0.012840055849892451
      ],
      [
        0.011188022792339325,
        0.29149994254112244,
        0.9564706683158875,
        -0.007776825190944692
      ],
      [
        0.0,
        0.0,
        0.0,
        1.0
      ]
    ],
    "intrinsic_3x3": [
      [
        2097.3447265625,
        0.0,
        2016.0
      ],
      [
        0.0,
        1560.75927734375,
        1512.0
      ],
      [
        0.0,
        0.0,
        1.0
      ]
    ]
  },
  "frame_0018.jpg": {
    "extrinsic_4x4": [
      [
        0.9999528527259827,
        0.007074729539453983,
        0.006647806148976088,
        0.00311279296875
      ],
      [
        -0.008782423101365566,
        0.9516966938972473,
        0.30640897154808044,
        0.0150146484375
      ],
      [
        -0.004147255327552557,
        -0.30640897154808044,
        0.9516966938972473,
        0.0035400390625
      ],
      [
        0.0,
        0.0,
        0.0,
        1.0
      ]
    ],
    "world_to_cam_4x4": [
      [
        0.9999528527259827,
        0.007074729539453983,
        0.006647806148976088,
        0.00311279296875
      ],
      [
        -0.008782423101365566,
        0.9516966938972473,
        0.30640897154808044,
        0.0150146484375
      ],
      [
        -0.004147255327552557,
        -0.30640897154808044,
        0.9516966938972473,
        0.0035400390625
      ],
      [
        0.0,
        0.0,
        0.0,
        1.0
      ]
    ],
    "cam_to_world_4x4": [
      [
        0.9999528527259827,
        -0.008782423101365566,
        -0.004147255327552557,
        -0.0029660997678888634
      ],
      [
        0.007074729539453983,
        0.9516966938972473,
        -0.30640897154808044,
        -0.013226713717983785
      ],
      [
        0.006647806148976088,
        0.30640897154808044,
        0.9516966938972473,
        -0.007990359702176875
      ],
      [
        0.0,
        0.0,
        0.0,
        1.0
      ]
    ],
    "intrinsic_3x3": [
      [
        2097.3447265625,
        0.0,
        2016.0
      ],
      [
        0.0,
        1560.75927734375,
        1512.0
      ],
      [
        0.0,
        0.0,
        1.0
      ]
    ]
  },
  "frame_0019.jpg": {
    "extrinsic_4x4": [
      [
        0.9994489550590515,
        0.03210403397679329,
        0.00863403920084238,
        0.12890625
      ],
      [
        -0.029428696259856224,
        0.9768947958946228,
        -0.21110834181308746,
        -0.0191650390625
      ],
      [
        -0.015200773254036903,
        0.21110834181308746,
        0.977259635925293,
        0.000102996826171875
      ],
      [
        0.0,
        0.0,
        0.0,
        1.0
      ]
    ],
    "world_to_cam_4x4": [
      [
        0.9994489550590515,
        0.03210403397679329,
        0.00863403920084238,
        0.12890625
      ],
      [
        -0.029428696259856224,
        0.9768947958946228,
        -0.21110834181308746,
        -0.0191650390625
      ],
      [
        -0.015200773254036903,
        0.21110834181308746,
        0.977259635925293,
        0.000102996826171875
      ],
      [
        0.0,
        0.0,
        0.0,
        1.0
      ]
    ],
    "cam_to_world_4x4": [
      [
        0.9994489550590515,
        -0.029428696259856224,
        -0.015200773254036903,
        -0.12939765334505893
      ],
      [
        0.03210403397679329,
        0.9768947958946228,
        0.21110834181308746,
        0.014562072804267245
      ],
      [
        0.00863403920084238,
        -0.21110834181308746,
        0.977259635925293,
        -0.005259535873847199
      ],
      [
        0.0,
        0.0,
        0.0,
        1.0
      ]
    ],
    "intrinsic_3x3": [
      [
        2130.41064453125,
        0.0,
        2016.0
      ],
      [
        0.0,
        1597.807861328125,
        1512.0
      ],
      [
        0.0,
        0.0,
        1.0
      ]
    ]
  },
  "frame_0020.jpg": {
    "extrinsic_4x4": [
      [
        0.999462366104126,
        0.03147991746664047,
        0.00884610041975975,
        0.12890625
      ],
      [
        -0.029405659064650536,
        0.9835279583930969,
        -0.17765410244464874,
        -0.0185546875
      ],
      [
        -0.01433678437024355,
        0.17765410244464874,
        0.9838939905166626,
        0.0028839111328125
      ],
      [
        0.0,
        0.0,
        0.0,
        1.0
      ]
    ],
    "world_to_cam_4x4": [
      [
        0.999462366104126,
        0.03147991746664047,
        0.00884610041975975,
        0.12890625
      ],
      [
        -0.029405659064650536,
        0.9835279583930969,
        -0.17765410244464874,
        -0.0185546875
      ],
      [
        -0.01433678437024355,
        0.17765410244464874,
        0.9838939905166626,
        0.0028839111328125
      ],
      [
        0.0,
        0.0,
        0.0,
        1.0
      ]
    ],
    "cam_to_world_4x4": [
      [
        0.999462366104126,
        -0.029405659064650536,
        -0.01433678437024355,
        -0.12934121243323204
      ],
      [
        0.03147991746664047,
        0.9835279583930969,
        0.17765410244464874,
        0.013678757160732857
      ],
      [
        0.00884610041975975,
        -0.17765410244464874,
        0.9838939905166626,
        -0.007274096818946418
      ],
      [
        0.0,
        0.0,
        0.0,
        1.0
      ]
    ],
    "intrinsic_3x3": [
      [
        2130.41064453125,
        0.0,
        2016.0
      ],
      [
        0.0,
        1597.807861328125,
        1512.0
      ],
      [
        0.0,
        0.0,
        1.0
      ]
    ]
  },
  "frame_0021.jpg": {
    "extrinsic_4x4": [
      [
        0.9999997615814209,
        0.0002365111722610891,
        -0.0006370542687363923,
        4.3392181396484375e-05
      ],
      [
        -0.0002365111722610891,
        0.9999997615814209,
        -0.0006103514460846782,
        8.106231689453125e-05
      ],
      [
        0.0006370542687363923,
        0.0006103514460846782,
        0.9999995827674866,
        -0.000263214111328125
      ],
      [
        0.0,
        0.0,
        0.0,
        1.0
      ]
    ],
    "world_to_cam_4x4": [
      [
        0.9999997615814209,
        0.0002365111722610891,
        -0.0006370542687363923,
        4.3392181396484375e-05
      ],
      [
        -0.0002365111722610891,
        0.9999997615814209,
        -0.0006103514460846782,
        8.106231689453125e-05
      ],
      [
        0.0006370542687363923,
        0.0006103514460846782,
        0.9999995827674866,
        -0.000263214111328125
      ],
      [
        0.0,
        0.0,
        0.0,
        1.0
      ]
    ],
    "cam_to_world_4x4": [
      [
        0.9999997615814209,
        -0.0002365111722610891,
        0.0006370542687363923,
        -4.320531723417398e-05
      ],
      [
        0.0002365111722610891,
        0.9999997615814209,
        0.0006103514460846782,
        -8.091190718997887e-05
      ],
      [
        -0.0006370542687363923,
        -0.0006103514460846782,
        0.9999995827674866,
        0.0002632911211833677
      ],
      [
        0.0,
        0.0,
        0.0,
        1.0
      ]
    ],
    "intrinsic_3x3": [
      [
        2097.3447265625,
        0.0,
        2016.0
      ],
      [
        0.0,
        1560.75927734375,
        1512.0
      ],
      [
        0.0,
        0.0,
        1.0
      ]
    ]
  },
  "frame_0022.jpg": {
    "extrinsic_4x4": [
      [
        0.9999956488609314,
        0.0017992017092183232,
        0.002332863165065646,
        -3.814697265625e-06
      ],
      [
        -0.0019211814505979419,
        0.9985209703445435,
        0.05440298095345497,
        0.0030670166015625
      ],
      [
        -0.002241378417238593,
        -0.05440298095345497,
        0.9985209703445435,
        0.0022430419921875
      ],
      [
        0.0,
        0.0,
        0.0,
        1.0
      ]
    ],
    "world_to_cam_4x4": [
      [
        0.9999956488609314,
        0.0017992017092183232,
        0.002332863165065646,
        -3.814697265625e-06
      ],
      [
        -0.0019211814505979419,
        0.9985209703445435,
        0.05440298095345497,
        0.0030670166015625
      ],
      [
        -0.002241378417238593,
        -0.05440298095345497,
        0.9985209703445435,
        0.0022430419921875
      ],
      [
        0.0,
        0.0,
        0.0,
        1.0
      ]
    ],
    "cam_to_world_4x4": [
      [
        0.9999956488609314,
        -0.0019211814505979419,
        -0.002241378417238593,
        1.4734481981193426e-05
      ],
      [
        0.0017992017092183232,
        0.9985209703445435,
        -0.05440298095345497,
        -0.002940445358866395
      ],
      [
        0.002332863165065646,
        0.05440298095345497,
        0.9985209703445435,
        -0.0024065704131546184
      ],
      [
        0.0,
        0.0,
        0.0,
        1.0
      ]
    ],
    "intrinsic_3x3": [
      [
        2097.3447265625,
        0.0,
        2016.0
      ],
      [
        0.0,
        1573.0084228515625,
        1512.0
      ],
      [
        0.0,
        0.0,
        1.0
      ]
    ]
  },
  "frame_0023.jpg": {
    "extrinsic_4x4": [
      [
        0.9999659657478333,
        0.003455197438597679,
        0.007488797884434462,
        -0.000514984130859375
      ],
      [
        -0.004170590545982122,
        0.9950987696647644,
        0.09887649118900299,
        0.0067138671875
      ],
      [
        -0.007123490795493126,
        -0.09887649118900299,
        0.995068371295929,
        0.004608154296875
      ],
      [
        0.0,
        0.0,
        0.0,
        1.0
      ]
    ],
    "world_to_cam_4x4": [
      [
        0.9999659657478333,
        0.003455197438597679,
        0.007488797884434462,
        -0.000514984130859375
      ],
      [
        -0.004170590545982122,
        0.9950987696647644,
        0.09887649118900299,
        0.0067138671875
      ],
      [
        -0.007123490795493126,
        -0.09887649118900299,
        0.995068371295929,
        0.004608154296875
      ],
      [
        0.0,
        0.0,
        0.0,
        1.0
      ]
    ],
    "cam_to_world_4x4": [
      [
        0.9999659657478333,
        -0.004170590545982122,
        -0.007123490795493126,
        0.0005757935394967717
      ],
      [
        0.003455197438597679,
        0.9950987696647644,
        -0.09887649118900299,
        -0.006223543478391491
      ],
      [
        0.007488797884434462,
        0.09887649118900299,
        0.995068371295929,
        -0.005245415608611026
      ],
      [
        0.0,
        0.0,
        0.0,
        1.0
      ]
    ],
    "intrinsic_3x3": [
      [
        2097.3447265625,
