{
  "frame_0001.jpg": {
    "extrinsic_4x4": [
      [
        0.9999999403953552,
        0.000247955322265625,
        -0.00012683868408203125,
        -0.000522613525390625
      ],
      [
        -0.000247955322265625,
        0.9999999403953552,
        -0.00032806396484375,
        -0.000125885009765625
      ],
      [
        0.00012683868408203125,
        0.00032806396484375,
        0.9999999403953552,
        8.535385131835938e-05
      ],
      [
        0.0,
        0.0,
        0.0,
        1.0
      ]
    ],
    "world_to_cam_4x4": [
      [
        0.9999999403953552,
        0.000247955322265625,
        -0.00012683868408203125,
        -0.000522613525390625
      ],
      [
        -0.000247955322265625,
        0.9999999403953552,
        -0.00032806396484375,
        -0.000125885009765625
      ],
      [
        0.00012683868408203125,
        0.00032806396484375,
        0.9999999403953552,
        8.535385131835938e-05
      ],
      [
        0.0,
        0.0,
        0.0,
        1.0
      ]
    ],
    "cam_to_world_4x4": [
      [
        0.9999999403953552,
        -0.000247955322265625,
        0.00012683868408203125,
        0.0005225714542120841
      ],
      [
        0.000247955322265625,
        0.9999999403953552,
        0.00032806396484375,
        0.00012598658554452413
      ],
      [
        -0.00012683868408203125,
        -0.00032806396484375,
        0.9999999403953552,
        -8.546143217813551e-05
      ],
      [
        0.0,
        0.0,
        0.0,
        1.0
      ]
    ],
    "intrinsic_3x3": [
      [
        1604.9326171875,
        0.0,
        960.0
      ],
      [
        0.0,
        902.7745971679688,
        540.0
      ],
      [
        0.0,
        0.0,
        1.0
      ]
    ]
  },
  "frame_0002.jpg": {
    "extrinsic_4x4": [
      [
        0.9978660941123962,
        0.010913453996181488,
        -0.06438328325748444,
        0.00396728515625
      ],
      [
        -0.011401206254959106,
        0.9999057054519653,
        -0.007621127180755138,
        -0.000701904296875
      ],
      [
        0.06438328325748444,
        0.008352755568921566,
        0.9978965520858765,
        0.000514984130859375
      ],
      [
        0.0,
        0.0,
        0.0,
        1.0
      ]
    ],
    "world_to_cam_4x4": [
      [
        0.9978660941123962,
        0.010913453996181488,
        -0.06438328325748444,
        0.00396728515625
      ],
      [
        -0.011401206254959106,
        0.9999057054519653,
        -0.007621127180755138,
        -0.000701904296875
      ],
      [
        0.06438328325748444,
        0.008352755568921566,
        0.9978965520858765,
        0.000514984130859375
      ],
      [
        0.0,
        0.0,
        0.0,
        1.0
      ]
    ],
    "cam_to_world_4x4": [
      [
        0.9978660941123962,
        -0.011401206254959106,
        0.06438328325748444,
        -0.003999978267927418
      ],
      [
        0.010913453996181488,
        0.9999057054519653,
        0.008352755568921566,
        0.0006542397905171526
      ],
      [
        -0.06438328325748444,
        -0.007621127180755138,
        0.9978965520858765,
        -0.00026382334650065786
      ],
      [
        0.0,
        0.0,
        0.0,
        1.0
      ]
    ],
    "intrinsic_3x3": [
      [
        1648.4805908203125,
        0.0,
        960.0
      ],
      [
        0.0,
        927.2703857421875,
        540.0
      ],
      [
        0.0,
        0.0,
        1.0
      ]
    ]
  },
  "frame_0003.jpg": {
    "extrinsic_4x4": [
      [
        0.9872646331787109,
        0.032990712672472,
        -0.1552504152059555,
        0.018798828125
      ],
      [
        -0.03493134304881096,
        0.9993329048156738,
        -0.010370243340730667,
        0.0021820068359375
      ],
      [
        0.1552504152059555,
        0.015646331012248993,
        0.9878104329109192,
        -0.01483154296875
      ],
      [
        0.0,
        0.0,
        0.0,
        1.0
      ]
    ],
    "world_to_cam_4x4": [
      [
        0.9872646331787109,
        0.032990712672472,
        -0.1552504152059555,
        0.018798828125
      ],
      [
        -0.03493134304881096,
        0.9993329048156738,
        -0.010370243340730667,
        0.0021820068359375
      ],
      [
        0.1552504152059555,
        0.015646331012248993,
        0.9878104329109192,
        -0.01483154296875
      ],
      [
        0.0,
        0.0,
        0.0,
        1.0
      ]
    ],
    "cam_to_world_4x4": [
      [
        0.9872646331787109,
        -0.03493134304881096,
        0.1552504152059555,
        -0.01618059451965337
      ],
      [
        0.032990712672472,
        0.9993329048156738,
        0.015646331012248993,
        -0.0025686787362246832
      ],
      [
        -0.1552504152059555,
        -0.010370243340730667,
        0.9878104329109192,
        0.01759190669434929
      ],
      [
        0.0,
        0.0,
        0.0,
        1.0
      ]
    ],
    "intrinsic_3x3": [
      [
        1693.817626953125,
        0.0,
        960.0
      ],
      [
        0.0,
        952.7723999023438,
        540.0
      ],
      [
        0.0,
        0.0,
        1.0
      ]
    ]
  },
  "frame_0004.jpg": {
    "extrinsic_4x4": [
      [
        0.9501156210899353,
        0.06143395975232124,
        -0.30667832493782043,
        0.0908203125
      ],
      [
        -0.06094248592853546,
        0.9980801939964294,
        0.011549584567546844,
        -0.0013885498046875
      ],
      [
        0.30667832493782043,
        0.007587093859910965,
        0.9520815014839172,
        -0.06689453125
      ],
      [
        0.0,
        0.0,
        0.0,
        1.0
      ]
    ],
    "world_to_cam_4x4": [
      [
        0.9501156210899353,
        0.06143395975232124,
        -0.30667832493782043,
        0.0908203125
      ],
      [
        -0.06094248592853546,
        0.9980801939964294,
        0.011549584567546844,
        -0.0013885498046875
      ],
      [
        0.30667832493782043,
        0.007587093859910965,
        0.9520815014839172,
        -0.06689453125
      ],
      [
        0.0,
        0.0,
        0.0,
        1.0
      ]
    ],
    "cam_to_world_4x4": [
      [
        0.9501156210899353,
        -0.06094248592853546,
        0.30667832493782043,
        -0.06585931650420207
      ],
      [
        0.06143395975232124,
        0.9980801939964294,
        0.007587093859910965,
        -0.0036860322770735365
      ],
      [
        -0.30667832493782043,
        0.011549584567546844,
        0.9520815014839172,
        0.0915577042347877
      ],
      [
        0.0,
        0.0,
        0.0,
        1.0
      ]
    ],
    "intrinsic_3x3": [
      [
        1663.38818359375,
        0.0,
        960.0
      ],
      [
        0.0,
        935.6558837890625,
        540.0
      ],
      [
        0.0,
        0.0,
        1.0
      ]
    ]
  },
  "frame_0005.jpg": {
    "extrinsic_4x4": [
      [
        0.8582614064216614,
        0.10335106402635574,
        -0.5039594769477844,
        0.2490234375
      ],
      [
        -0.10433536022901535,
        0.994186520576477,
        0.025714728981256485,
        0.00372314453125
      ],
      [
        0.5039594769477844,
        0.03063620813190937,
        0.8641671538352966,
        -0.028564453125
      ],
      [
        0.0,
        0.0,
        0.0,
        1.0
      ]
    ],
    "world_to_cam_4x4": [
      [
        0.8582614064216614,
        0.10335106402635574,
        -0.5039594769477844,
        0.2490234375
      ],
      [
        -0.10433536022901535,
        0.994186520576477,
        0.025714728981256485,
        0.00372314453125
      ],
      [
        0.5039594769477844,
        0.03063620813190937,
        0.8641671538352966,
        -0.028564453125
      ],
      [
        0.0,
        0.0,
        0.0,
        1.0
      ]
    ],
    "cam_to_world_4x4": [
      [
        0.8582614064216614,
        -0.10433536022901535,
        0.5039594769477844,
        -0.19894342321867953
      ],
      [
        0.10335106402635574,
        0.994186520576477,
        0.03063620813190937,
        -0.028563230809140805
      ],
      [
        -0.5039594769477844,
        0.025714728981256485,
        0.8641671538352966,
        0.15008644381555314
      ],
      [
        0.0,
        0.0,
        0.0,
        1.0
      ]
    ],
    "intrinsic_3x3": [
      [
        1678.4989013671875,
        0.0,
        960.0
      ],
      [
        0.0,
        944.1557006835938,
        540.0
      ],
      [
        0.0,
        0.0,
        1.0
      ]
    ]
  },
  "frame_0006.jpg": {
    "extrinsic_4x4": [
      [
        0.7192818522453308,
        0.11631155014038086,
        -0.6831462979316711,
        0.36328125
      ],
      [
        -0.1344698965549469,
        0.9905527830123901,
        0.026624057441949844,
        -0.005889892578125
      ],
      [
        0.6831462979316711,
        0.07312414050102234,
        0.7290971279144287,
        0.05517578125
      ],
      [
        0.0,
        0.0,
        0.0,
        1.0
      ]
    ],
    "world_to_cam_4x4": [
      [
        0.7192818522453308,
        0.11631155014038086,
        -0.6831462979316711,
        0.36328125
      ],
      [
        -0.1344698965549469,
        0.9905527830123901,
        0.026624057441949844,
        -0.005889892578125
      ],
      [
        0.6831462979316711,
        0.07312414050102234,
        0.7290971279144287,
        0.05517578125
      ],
      [
        0.0,
        0.0,
        0.0,
        1.0
      ]
    ],
    "cam_to_world_4x4": [
      [
        0.7192818522453308,
        -0.1344698965549469,
        0.6831462979316711,
        -0.2997867543281245
      ],
      [
        0.11631155014038086,
        0.9905527830123901,
        0.07312414050102234,
        -0.04045423741990817
      ],
      [
        -0.6831462979316711,
        0.026624057441949844,
        0.7290971279144287,
        0.20810255024400703
      ],
      [
        0.0,
        0.0,
        0.0,
        1.0
      ]
    ],
    "intrinsic_3x3": [
      [
        1678.4989013671875,
        0.0,
        960.0
      ],
      [
        0.0,
        944.1557006835938,
        540.0
      ],
      [
        0.0,
        0.0,
        1.0
      ]
    ]
  },
  "frame_0007.jpg": {
    "extrinsic_4x4": [
      [
        0.6475663185119629,
        0.1174778938293457,
        -0.7518584728240967,
        0.392578125
      ],
      [
        -0.17034293711185455,
        0.9853764772415161,
        0.007097622379660606,
        -0.041748046875
      ],
      [
        0.7440266609191895,
        0.12433076649904251,
        0.6573561429977417,
        0.099609375
      ],
      [
        0.0,
        0.0,
        0.0,
        1.0
      ]
    ],
    "world_to_cam_4x4": [
      [
        0.6475663185119629,
        0.1174778938293457,
        -0.7518584728240967,
        0.392578125
      ],
      [
        -0.17034293711185455,
        0.9853764772415161,
        0.007097622379660606,
        -0.041748046875
      ],
      [
        0.7440266609191895,
        0.12433076649904251,
        0.6573561429977417,
        0.099609375
      ],
      [
        0.0,
        0.0,
        0.0,
        1.0
      ]
    ],
    "cam_to_world_4x4": [
      [
        0.6475663185119629,
        -0.17034293711185455,
        0.7440266609191895,
        -0.33544388673544745
      ],
      [
        0.1174778938293457,
        0.9853764772415161,
        0.12433076649904251,
        -0.017366217871312983
      ],
      [
        -0.7518584728240967,
        0.007097622379660606,
        0.6573561429977417,
        0.22998066684203877
      ],
      [
        0.0,
        0.0,
        0.0,
        1.0
      ]
    ],
    "intrinsic_3x3": [
      [
        1619.2572021484375,
        0.0,
        960.0
      ],
      [
        0.0,
        918.9966430664062,
        540.0
      ],
      [
        0.0,
        0.0,
        1.0
      ]
    ]
  },
  "frame_0008.jpg": {
    "extrinsic_4x4": [
      [
        0.6480708122253418,
        0.11649054288864136,
        -0.7549766302108765,
        0.376953125
      ],
      [
        -0.2437945455312729,
        0.9680511355400085,
        -0.059474073350429535,
        -0.059814453125
      ],
      [
        0.7235193252563477,
        0.22216761112213135,
        0.6559351086616516,
        0.078125
      ],
      [
        0.0,
        0.0,
        0.0,
        1.0
      ]
    ],
    "world_to_cam_4x4": [
      [
        0.6480708122253418,
        0.11649054288864136,
        -0.7549766302108765,
        0.376953125
      ],
      [
        -0.2437945455312729,
        0.9680511355400085,
        -0.059474073350429535,
        -0.059814453125
      ],
      [
        0.7235193252563477,
        0.22216761112213135,
        0.6559351086616516,
        0.078125
      ],
      [
        0.0,
        0.0,
        0.0,
        1.0
      ]
    ],
    "cam_to_world_4x4": [
      [
        0.6480708122253418,
        -0.2437945455312729,
        0.7235193252563477,
        -0.31539970259109396
      ],
      [
        0.11649054288864136,
        0.9680511355400085,
        0.22216761112213135,
        -0.0033648695243755355
      ],
      [
        -0.7549766302108765,
        -0.059474073350429535,
        0.6559351086616516,
        0.22978846052319568
      ],
      [
        0.0,
        0.0,
        0.0,
        1.0
      ]
    ],
    "intrinsic_3x3": [
      [
        1619.2572021484375,
        0.0,
        960.0
      ],
      [
        0.0,
        910.8321533203125,
        540.0
      ],
      [
        0.0,
        0.0,
        1.0
      ]
    ]
  },
  "frame_0009.jpg": {
    "extrinsic_4x4": [
      [
        0.6573960185050964,
        0.10829436779022217,
        -0.7442776560783386,
        0.369140625
      ],
      [
        -0.29534825682640076,
        0.947329580783844,
        -0.12355402857065201,
        -0.078125
      ],
      [
        0.6891459822654724,
        0.3012552261352539,
        0.6554269790649414,
        0.046630859375
      ],
      [
        0.0,
        0.0,
        0.0,
        1.0
      ]
    ],
    "world_to_cam_4x4": [
      [
        0.6573960185050964,
        0.10829436779022217,
        -0.7442776560783386,
        0.369140625
      ],
      [
        -0.29534825682640076,
        0.947329580783844,
        -0.12355402857065201,
        -0.078125
      ],
      [
        0.6891459822654724,
        0.3012552261352539,
        0.6554269790649414,
        0.046630859375
      ],
      [
        0.0,
        0.0,
        0.0,
        1.0
      ]
    ],
    "cam_to_world_4x4": [
      [
        0.6573960185050964,
        -0.29534825682640076,
        0.6891459822654724,
        -0.2978811290959129
      ],
      [
        0.10829436779022217,
        0.947329580783844,
        0.3012552261352539,
        0.019986482802778482
      ],
      [
        -0.7442776560783386,
        -0.12355402857065201,
        0.6554269790649414,
        0.23452733736485243
      ],
      [
        0.0,
        0.0,
        0.0,
        1.0
      ]
    ],
    "intrinsic_3x3": [
      [
        1604.9326171875,
        0.0,
        960.0
      ],
      [
        0.0,
        902.7745971679688,
        540.0
      ],
      [
        0.0,
        0.0,
        1.0
      ]
    ]
  },
  "frame_0010.jpg": {
    "extrinsic_4x4": [
      [
        0.6719257831573486,
        0.1075572520494461,
        -0.734728991985321,
        0.3515625
      ],
      [
        -0.3182515799999237,
        0.9351709485054016,
        -0.15519677102565765,
        -0.0869140625
      ],
      [
        0.6718644499778748,
        0.33789676427841187,
        0.6621032357215881,
        0.021240234375
      ],
      [
        0.0,
        0.0,
        0.0,
        1.0
      ]
    ],
    "world_to_cam_4x4": [
      [
        0.6719257831573486,
        0.1075572520494461,
        -0.734728991985321,
        0.3515625
      ],
      [
        -0.3182515799999237,
        0.9351709485054016,
        -0.15519677102565765,
        -0.0869140625
      ],
      [
        0.6718644499778748,
        0.33789676427841187,
        0.6621032357215881,
        0.021240234375
      ],
      [
        0.0,
        0.0,
        0.0,
        1.0
      ]
    ],
    "cam_to_world_4x4": [
      [
        0.6719257831573486,
        -0.3182515799999237,
        0.6718644499778748,
        -0.278155004241853
      ],
      [
        0.1075572520494461,
        0.9351709485054016,
        0.33789676427841187,
        0.036289403375121765
      ],
      [
        -0.734728991985321,
        -0.15519677102565765,
        0.6621032357215881,
        0.23075115148094483
      ],
      [
        0.0,
        0.0,
        0.0,
        1.0
      ]
    ],
    "intrinsic_3x3": [
      [
        1604.9326171875,
        0.0,
        960.0
      ],
      [
        0.0,
        902.7745971679688,
        540.0
      ],
      [
        0.0,
        0.0,
        1.0
      ]
    ]
  },
  "frame_0011.jpg": {
    "extrinsic_4x4": [
      [
        0.9999999403953552,
        0.0003261566162109375,
        -3.1948089599609375e-05,
        -7.867813110351562e-06
      ],
      [
        -0.0003261566162109375,
        0.9999999403953552,
        6.532669067382812e-05,
        -6.9141387939453125e-06
      ],
      [
        3.1948089599609375e-05,
        -6.532669067382812e-05,
        1.0,
        -0.00010156631469726562
      ],
      [
        0.0,
        0.0,
        0.0,
        1.0
      ]
    ],
    "world_to_cam_4x4": [
      [
        0.9999999403953552,
        0.0003261566162109375,
        -3.1948089599609375e-05,
        -7.867813110351562e-06
      ],
      [
        -0.0003261566162109375,
        0.9999999403953552,
        6.532669067382812e-05,
        -6.9141387939453125e-06
      ],
      [
        3.1948089599609375e-05,
        -6.532669067382812e-05,
        1.0,
        -0.00010156631469726562
      ],
      [
        0.0,
        0.0,
        0.0,
        1.0
      ]
    ],
    "cam_to_world_4x4": [
      [
        0.9999999403953552,
        -0.0003261566162109375,
        3.1948089599609375e-05,
        7.868802399002561e-06
      ],
      [
        0.0003261566162109375,
        0.9999999403953552,
        -6.532669067382812e-05,
        6.910069529908469e-06
      ],
      [
        -3.1948089599609375e-05,
        6.532669067382812e-05,
        1.0,
        0.00010156651501347369
      ],
      [
        0.0,
        0.0,
        0.0,
        1.0
      ]
    ],
    "intrinsic_3x3": [
      [
        1446.463134765625,
        0.0,
        960.0
      ],
      [
        0.0,
        813.6355590820312,
        540.0
      ],
      [
        0.0,
        0.0,
        1.0
      ]
    ]
  },
  "frame_0012.jpg": {
    "extrinsic_4x4": [
      [
        0.9986473321914673,
        0.02115613967180252,
        -0.04741893708705902,
        0.018310546875
      ],
      [
        -0.01069965772330761,
        0.9777495861053467,
        0.20912966132164001,
        0.052978515625
      ],
      [
        0.05082337185740471,
        -0.20912966132164001,
        0.9766553044319153,
        0.0087890625
      ],
      [
        0.0,
        0.0,
        0.0,
        1.0
      ]
    ],
    "world_to_cam_4x4": [
      [
        0.9986473321914673,
        0.02115613967180252,
        -0.04741893708705902,
        0.018310546875
      ],
      [
        -0.01069965772330761,
        0.9777495861053467,
        0.20912966132164001,
        0.052978515625
      ],
      [
        0.05082337185740471,
        -0.20912966132164001,
        0.9766553044319153,
        0.0087890625
      ],
      [
        0.0,
        0.0,
        0.0,
        1.0
      ]
    ],
    "cam_to_world_4x4": [
      [
        0.9986473321914673,
        -0.01069965772330761,
        0.05082337185740471,
        -0.018165616595524625
      ],
      [
        0.02115613967180252,
        0.9777495861053467,
        -0.20912966132164001,
        -0.05034904854801425
      ],
      [
        -0.04741893708705902,
        0.20912966132164001,
        0.9766553044319153,
        -0.018794996871292824
      ],
      [
        0.0,
        0.0,
        0.0,
        1.0
      ]
    ],
    "intrinsic_3x3": [
      [
        1398.5340576171875,
        0.0,
        960.0
      ],
      [
        0.0,
        793.2991333007812,
        540.0
      ],
      [
        0.0,
        0.0,
        1.0
      ]
    ]
  },
  "frame_0013.jpg": {
    "extrinsic_4x4": [
      [
        0.994777262210846,
        0.03811682015657425,
        -0.09480337053537369,
        0.04248046875
      ],
      [
        -0.005008941050618887,
        0.9440464377403259,
        0.3303457796573639,
        0.12109375
      ],
      [
        0.1016448512673378,
        -0.3264363408088684,
        0.9394040107727051,
        -0.03173828125
      ],
      [
        0.0,
        0.0,
        0.0,
        1.0
      ]
    ],
    "world_to_cam_4x4": [
      [
        0.994777262210846,
        0.03811682015657425,
        -0.09480337053537369,
        0.04248046875
      ],
      [
        -0.005008941050618887,
        0.9440464377403259,
        0.3303457796573639,
        0.12109375
      ],
      [
        0.1016448512673378,
        -0.3264363408088684,
        0.9394040107727051,
        -0.03173828125
      ],
      [
        0.0,
        0.0,
        0.0,
        1.0
      ]
    ],
    "cam_to_world_4x4": [
      [
        0.994777262210846,
        -0.005008941050618887,
        0.1016448512673378,
        -0.03842602006807283
      ],
      [
        0.03811682015657425,
        0.9440464377403259,
        -0.3264363408088684,
        -0.12629787210244103
      ],
      [
        -0.09480337053537369,
        0.3303457796573639,
        0.9394040107727051,
        -0.0061604489346791524
      ],
      [
        0.0,
        0.0,
        0.0,
        1.0
      ]
    ],
    "intrinsic_3x3": [
      [
        1375.3798828125,
        0.0,
        960.0
      ],
      [
        0.0,
        773.6511840820312,
        540.0
      ],
      [
        0.0,
        0.0,
        1.0
      ]
    ]
  },
  "frame_0014.jpg": {
    "extrinsic_4x4": [
      [
        0.9789034128189087,
        0.06438729912042618,
        -0.19413746893405914,
        0.06103515625
      ],
      [
        0.005243662744760513,
        0.9404905438423157,
        0.3414478003978729,
        0.14453125
      ],
      [
        0.20389312505722046,
        -0.3336432874202728,
        0.9204914569854736,
        -0.09912109375
      ],
      [
        0.0,
        0.0,
        0.0,
        1.0
      ]
    ],
    "world_to_cam_4x4": [
      [
        0.9789034128189087,
        0.06438729912042618,
        -0.19413746893405914,
        0.06103515625
      ],
      [
        0.005243662744760513,
        0.9404905438423157,
        0.3414478003978729,
        0.14453125
      ],
      [
        0.20389312505722046,
        -0.3336432874202728,
        0.9204914569854736,
        -0.09912109375
      ],
      [
        0.0,
        0.0,
        0.0,
        1.0
      ]
    ],
    "cam_to_world_4x4": [
      [
        0.9789034128189087,
        0.005243662744760513,
        0.20389312505722046,
        -0.04029528632236179
      ],
      [
        0.06438729912042618,
        0.9404905438423157,
        -0.3336432874202728,
        -0.17293125034848345
      ],
      [
        -0.19413746893405914,
        0.3414478003978729,
        0.9204914569854736,
        0.053739453353045974
      ],
      [
        0.0,
        0.0,
        0.0,
        1.0
      ]
    ],
    "intrinsic_3x3": [
      [
        1330.5899658203125,
        0.0,
        960.0
      ],
      [
        0.0,
        754.652099609375,
        540.0
      ],
      [
        0.0,
        0.0,
        1.0
      ]
    ]
  },
  "frame_0015.jpg": {
    "extrinsic_4x4": [
      [
        0.9453615546226501,
        0.10192643105983734,
        -0.30969953536987305,
        0.056640625
      ],
      [
        -0.018866190686821938,
        0.9656978249549866,
        0.2587363123893738,
        0.1328125
      ],
      [
        0.3253805339336395,
        -0.23913508653640747,
        0.9147346019744873,
        -0.12060546875
      ],
      [
        0.0,
        0.0,
        0.0,
        1.0
      ]
    ],
    "world_to_cam_4x4": [
      [
        0.9453615546226501,
        0.10192643105983734,
        -0.30969953536987305,
        0.056640625
      ],
      [
        -0.018866190686821938,
        0.9656978249549866,
        0.2587363123893738,
        0.1328125
      ],
      [
        0.3253805339336395,
        -0.23913508653640747,
        0.9147346019744873,
        -0.12060546875
      ],
      [
        0.0,
        0.0,
        0.0,
        1.0
      ]
    ],
    "cam_to_world_4x4": [
      [
        0.9453615546226501,
        -0.018866190686821938,
        0.3253805339336395,
        -0.011797531537013128
      ],
      [
        0.10192643105983734,
        0.9656978249549866,
        -0.23913508653640747,
        -0.162870918342378
      ],
      [
        -0.30969953536987305,
        0.2587363123893738,
        0.9147346019744873,
        0.09350015420932323
      ],
      [
        0.0,
        0.0,
        0.0,
        1.0
      ]
    ],
    "intrinsic_3x3": [
      [
        1386.8917236328125,
        0.0,
        960.0
      ],
      [
        0.0,
        786.6754150390625,
        540.0
      ],
      [
        0.0,
        0.0,
        1.0
      ]
    ]
  },
  "frame_0016.jpg": {
    "extrinsic_4x4": [
      [
        0.894187331199646,
        0.12246835231781006,
        -0.4310885965824127,
        0.04833984375
      ],
      [
        -0.04972214996814728,
        0.9829769134521484,
        0.17635442316532135,
        0.1337890625
      ],
      [
        0.4467645585536957,
        -0.13716454803943634,
        0.8848797678947449,
        -0.12353515625
      ],
      [
        0.0,
        0.0,
        0.0,
        1.0
      ]
    ],
    "world_to_cam_4x4": [
      [
        0.894187331199646,
        0.12246835231781006,
        -0.4310885965824127,
        0.04833984375
      ],
      [
        -0.04972214996814728,
        0.9829769134521484,
        0.17635442316532135,
        0.1337890625
      ],
      [
        0.4467645585536957,
        -0.13716454803943634,
        0.8848797678947449,
        -0.12353515625
      ],
      [
        0.0,
        0.0,
        0.0,
        1.0
      ]
    ],
    "cam_to_world_4x4": [
      [
        0.894187331199646,
        -0.04972214996814728,
        0.4467645585536957,
        0.01861853350419551
      ],
      [
        0.12246835231781006,
        0.9829769134521484,
        -0.13716454803943634,
        -0.15437630459928187
      ],
      [
        -0.4310885965824127,
        0.17635442316532135,
        0.8848797678947449,
        0.10655822284752503
      ],
      [
        0.0,
        0.0,
        0.0,
        1.0
      ]
    ],
    "intrinsic_3x3": [
      [
        1434.271240234375,
        0.0,
        960.0
      ],
      [
        0.0,
        813.6355590820312,
        540.0
      ],
      [
        0.0,
        0.0,
        1.0
      ]
    ]
  },
  "frame_0017.jpg": {
    "extrinsic_4x4": [
      [
        0.8117704391479492,
        0.16189692914485931,
        -0.561762809753418,
        0.11767578125
      ],
      [
        -0.08094846457242966,
        0.9826887249946594,
        0.16579805314540863,
        0.14453125
      ],
      [
        0.57736736536026,
        -0.08923836797475815,
        0.8107951879501343,
        -0.185546875
      ],
      [
        0.0,
        0.0,
        0.0,
        1.0
      ]
    ],
    "world_to_cam_4x4": [
      [
        0.8117704391479492,
        0.16189692914485931,
        -0.561762809753418,
        0.11767578125
      ],
      [
        -0.08094846457242966,
        0.9826887249946594,
        0.16579805314540863,
        0.14453125
      ],
      [
        0.57736736536026,
        -0.08923836797475815,
        0.8107951879501343,
        -0.185546875
      ],
      [
        0.0,
        0.0,
        0.0,
        1.0
      ]
    ],
    "cam_to_world_4x4": [
      [
        0.8117704391479492,
        -0.08094846457242966,
        0.57736736536026,
        0.02330257251742296
      ],
      [
        0.16189692914485931,
        0.9826887249946594,
        -0.08923836797475815,
        -0.17763847771129804
      ],
      [
        -0.561762809753418,
        0.16579805314540863,
        0.8107951879501343,
        0.1925833910354413
      ],
      [
        0.0,
        0.0,
        0.0,
        1.0
      ]
    ],
    "intrinsic_3x3": [
      [
        1341.6036376953125,
        0.0,
        960.0
      ],
      [
        0.0,
        754.652099609375,
        540.0
      ],
      [
        0.0,
        0.0,
        1.0
      ]
    ]
  },
  "frame_0018.jpg": {
    "extrinsic_4x4": [
      [
        0.7216794490814209,
        0.18718035519123077,
        -0.6664012670516968,
        0.2060546875
      ],
      [
        -0.11074021458625793,
        0.981624960899353,
        0.1568002998828888,
        0.11865234375
      ],
      [
        0.6820812821388245,
        -0.03969007730484009,
        0.7295194864273071,
        -0.1689453125
      ],
      [
        0.0,
        0.0,
        0.0,
        1.0
      ]
    ],
    "world_to_cam_4x4": [
      [
        0.7216794490814209,
        0.18718035519123077,
        -0.6664012670516968,
        0.2060546875
      ],
      [
        -0.11074021458625793,
        0.981624960899353,
        0.1568002998828888,
        0.11865234375
      ],
      [
        0.6820812821388245,
        -0.03969007730484009,
        0.7295194864273071,
        -0.1689453125
      ],
      [
        0.0,
        0.0,
        0.0,
        1.0
      ]
    ],
    "cam_to_world_4x4": [
      [
        0.7216794490814209,
        -0.11074021458625793,
        0.6820812821388245,
        -0.020331411986262538
      ],
      [
        0.18718035519123077,
        0.981624960899353,
        -0.03969007730484009,
        -0.16174694440269377
      ],
      [
        -0.6664012670516968,
        0.1568002998828888,
        0.7295194864273071,
        0.24195927935943473
      ],
      [
        0.0,
        0.0,
        0.0,
        1.0
      ]
    ],
    "intrinsic_3x3": [
      [
        1308.9161376953125,
        0.0,
        960.0
      ],
      [
        0.0,
        742.3284301757812,
        540.0
      ],
      [
        0.0,
        0.0,
        1.0
      ]
    ]
  },
  "frame_0019.jpg": {
    "extrinsic_4x4": [
      [
        0.6932245492935181,
        0.20678219199180603,
        -0.6873323917388916,
        0.1845703125
      ],
      [
        -0.18930764496326447,
        0.9765792489051819,
        0.10193488746881485,
        0.083984375
      ],
      [
        0.6950988173484802,
        0.060190122574567795,
        0.7165239453315735,
        -0.10693359375
      ],
      [
        0.0,
        0.0,
        0.0,
        1.0
      ]
    ],
    "world_to_cam_4x4": [
      [
        0.6932245492935181,
        0.20678219199180603,
        -0.6873323917388916,
        0.1845703125
      ],
      [
        -0.18930764496326447,
        0.9765792489051819,
        0.10193488746881485,
        0.083984375
      ],
      [
        0.6950988173484802,
        0.060190122574567795,
        0.7165239453315735,
        -0.10693359375
      ],
      [
        0.0,
        0.0,
        0.0,
        1.0
      ]
    ],
    "cam_to_world_4x4": [
      [
        0.6932245492935181,
        -0.18930764496326447,
        0.6950988173484802,
        -0.03772037290036678
      ],
      [
        0.20678219199180603,
        0.9765792489051819,
        0.060190122574567795,
        -0.11374690553748223
      ],
      [
        -0.6873323917388916,
        0.10193488746881485,
        0.7165239453315735,
        0.19492069700208958
      ],
      [
        0.0,
        0.0,
        0.0,
        1.0
      ]
    ],
    "intrinsic_3x3": [
      [
        1341.6036376953125,
        0.0,
        960.0
      ],
      [
        0.0,
        754.652099609375,
        540.0
      ],
      [
        0.0,
        0.0,
        1.0
      ]
    ]
  },
  "frame_0020.jpg": {
    "extrinsic_4x4": [
      [
        0.6726392507553101,
        0.22993195056915283,
        -0.7014873027801514,
        0.1591796875
      ],
      [
        -0.2961835265159607,
        0.9544520378112793,
        0.028254348784685135,
        0.03857421875
      ],
      [
        0.6781044006347656,
        0.18998613953590393,
        0.7096621990203857,
        -0.06982421875
      ],
      [
        0.0,
        0.0,
        0.0,
        1.0
      ]
    ],
    "world_to_cam_4x4": [
      [
        0.6726392507553101,
        0.22993195056915283,
        -0.7014873027801514,
        0.1591796875
      ],
      [
        -0.2961835265159607,
        0.9544520378112793,
        0.028254348784685135,
        0.03857421875
      ],
      [
        0.6781044006347656,
        0.18998613953590393,
        0.7096621990203857,
        -0.06982421875
      ],
      [
        0.0,
        0.0,
        0.0,
        1.0
      ]
    ],
    "cam_to_world_4x4": [
      [
        0.6726392507553101,
        -0.2961835265159607,
        0.6781044006347656,
        -0.04829734758823179
      ],
      [
        0.22993195056915283,
        0.9544520378112793,
        0.18998613953590393,
        -0.060152103964355774
      ],
      [
        -0.7014873027801514,
        0.028254348784685135,
        0.7096621990203857,
        0.16012424883410858
      ],
      [
        0.0,
        0.0,
        0.0,
        1.0
      ]
    ],
    "intrinsic_3x3": [
      [
        1386.8917236328125,
        0.0,
        960.0
      ],
      [
        0.0,
        780.1265869140625,
        540.0
      ],
      [
        0.0,
        0.0,
        1.0
      ]
    ]
  },
  "frame_0021.jpg": {
    "extrinsic_4x4": [
      [
        0.9999998807907104,
        0.0002918243408203125,
        -0.0004100799560546875,
        4.9114227294921875e-05
      ],
      [
        -0.0002918243408203125,
        0.9999999403953552,
        0.00017833709716796875,
        -4.7206878662109375e-05
      ],
      [
        0.0004100799560546875,
        -0.00017833709716796875,
        0.9999998807907104,
        -0.000335693359375
      ],
      [
        0.0,
        0.0,
        0.0,
        1.0
      ]
    ],
    "world_to_cam_4x4": [
      [
        0.9999998807907104,
        0.0002918243408203125,
        -0.0004100799560546875,
        4.9114227294921875e-05
      ],
      [
        -0.0002918243408203125,
        0.9999999403953552,
        0.00017833709716796875,
        -4.7206878662109375e-05
      ],
      [
        0.0004100799560546875,
        -0.00017833709716796875,
        0.9999998807907104,
        -0.000335693359375
      ],
      [
        0.0,
        0.0,
        0.0,
        1.0
      ]
    ],
    "cam_to_world_4x4": [
      [
        0.9999998807907104,
        -0.0002918243408203125,
        0.0004100799560546875,
        -4.8990336438237136e-05
      ],
      [
        0.0002918243408203125,
        0.9999999403953552,
        -0.00017833709716796875,
        4.71326765421054e-05
      ],
      [
        -0.0004100799560546875,
        0.00017833709716796875,
        0.9999998807907104,
        0.00033572187885511084
      ],
      [
        0.0,
        0.0,
        0.0,
        1.0
      ]
    ],
    "intrinsic_3x3": [
      [
        1619.2572021484375,
        0.0,
        960.0
      ],
      [
        0.0,
        902.7745971679688,
        540.0
      ],
      [
        0.0,
        0.0,
        1.0
      ]
    ]
  },
  "frame_0022.jpg": {
    "extrinsic_4x4": [
      [
        0.9999690651893616,
        0.007341851480305195,
        0.0027874663937836885,
        -0.01611328125
      ],
      [
        -0.007098138798028231,
        0.9964966177940369,
        -0.0833498165011406,
        -0.0159912109375
      ],
      [
        -0.00339674879796803,
        0.0833498165011406,
        0.9965270757675171,
        -0.0211181640625
      ],
      [
        0.0,
        0.0,
        0.0,
        1.0
      ]
    ],
    "world_to_cam_4x4": [
      [
        0.9999690651893616,
        0.007341851480305195,
        0.0027874663937836885,
        -0.01611328125
      ],
      [
        -0.007098138798028231,
        0.9964966177940369,
        -0.0833498165011406,
        -0.0159912109375
      ],
      [
        -0.00339674879796803,
        0.0833498165011406,
        0.9965270757675171,
        -0.0211181640625
      ],
      [
        0.0,
        0.0,
        0.0,
        1.0
      ]
    ],
    "cam_to_world_4x4": [
      [
        0.9999690651893616,
        -0.007098138798028231,
        -0.00339674879796803,
        0.015927541855518257
      ],
      [
        0.007341851480305195,
        0.9964966177940369,
        0.0833498165011406,
        0.017813684030898003
      ],
      [
        0.0027874663937836885,
        -0.0833498165011406,
        0.9965270757675171,
        0.019756873011488096
      ],
      [
        0.0,
        0.0,
        0.0,
        1.0
      ]
    ],
    "intrinsic_3x3": [
      [
        1648.4805908203125,
        0.0,
        960.0
      ],
      [
        0.0,
        918.9966430664062,
        540.0
      ],
      [
        0.0,
        0.0,
        1.0
      ]
    ]
  },
  "frame_0023.jpg": {
    "extrinsic_4x4": [
      [
        0.9995653033256531,
        0.015069734305143356,
        -0.025380603969097137,
        -0.0026397705078125
      ],
      [
        -0.015740856528282166,
        0.9995271563529968,
        -0.026356782764196396,
        0.00970458984375
      ],
      [
        0.024892516434192657,
        0.026844870299100876,
        0.9993288516998291,
        -0.0172119140625
      ],
      [
        0.0,
        0.0,
        0.0,
        1.0
      ]
    ],
    "world_to_cam_4x4": [
      [
        0.9995653033256531,
        0.015069734305143356,
        -0.025380603969097137,
        -0.0026397705078125
      ],
      [
        -0.015740856528282166,
        0.9995271563529968,
        -0.026356782764196396,
        0.00970458984375
      ],
      [
        0.024892516434192657,
        0.026844870299100876,
        0.9993288516998291,
        -0.0172119140625
      ],
      [
        0.0,
        0.0,
        0.0,
        1.0
      ]
    ],
    "cam_to_world_4x4": [
      [
        0.9995653033256531,
        -0.015740856528282166,
        0.024892516434192657,
        0.0032198294184127008
      ],
      [
        0.015069734305143356,
        0.9995271563529968,
        0.026844870299100876,
        -0.00919816884930924
      ],
      [
        -0.025380603969097137,
        -0.026356782764196396,
        0.9993288516998291,
        0.01738914511213352
      ],
      [
        0.0,
        0.0,
        0.0,
        1.0
      ]
    ],
    "intrinsic_3x3": [
      [
        1648.4805908203125,
        0.0,
        960.0
      ],
      [
        0.0,
        927.2703857421875,
        540.0
      ],
      [
        0.0,
        0.0,
        1.0
      ]
    ]
  },
  "frame_0024.jpg": {
    "extrinsic_4x4": [
      [
        0.9951964020729065,
        0.04846436157822609,
        -0.08469025045633316,
        0.042236328125
      ],
      [
        -0.039163120090961456,
        0.9932994246482849,
        0.10867765545845032,
        0.039306640625
      ],
      [
        0.08958563953638077,
        -0.10476134717464447,
        0.9904540181159973,
        -0.0198974609375
      ],
      [
        0.0,
        0.0,
        0.0,
        1.0
      ]
    ],
    "world_to_cam_4x4": [
      [
        0.9951964020729065,
        0.04846436157822609,
